%!PS-Adobe-2.0 EPSF-1.2
%%Creator: libbarcode
%%BoundingBox: 0 0 220 60
%%EndComments
% Printing barcode for "2800251487258", scaled  1.92, encoded using "EAN-13"
% The space/bar succession is represented by the following widths (space first):
% 911112133211112322121231122211111113212131312212212311213111
[
%  height  xpos   ypos  width       height  xpos   ypos  width
   [40.00  28.27  10.00  1.77]      [40.00  32.12  10.00  1.77]
   [40.00  36.92  10.00  3.70]      [40.00  43.65  10.00  5.62]
   [40.00  54.23  10.00  3.70]      [40.00  59.04  10.00  1.77]
   [40.00  62.88  10.00  1.77]      [40.00  70.58  10.00  5.62]
   [40.00  79.23  10.00  3.70]      [40.00  85.00  10.00  3.70]
   [40.00  90.77  10.00  3.70]      [40.00  99.42  10.00  1.77]
   [40.00 104.23  10.00  3.70]      [40.00 111.92  10.00  3.70]
   [40.00 116.73  10.00  1.77]      [40.00 120.58  10.00  1.77]
   [40.00 124.42  10.00  1.77]      [40.00 130.19  10.00  5.62]
   [40.00 137.88  10.00  1.77]      [40.00 143.65  10.00  1.77]
   [40.00 151.35  10.00  1.77]      [40.00 159.04  10.00  1.77]
   [40.00 165.77  10.00  3.70]      [40.00 171.54  10.00  3.70]
   [40.00 178.27  10.00  1.77]      [40.00 185.96  10.00  5.62]
   [40.00 191.73  10.00  1.77]      [40.00 197.50  10.00  1.77]
   [40.00 205.19  10.00  1.77]      [40.00 209.04  10.00  1.77]

]	{ {} forall setlinewidth moveto 0 exch rlineto stroke} bind forall
% End barcode for "2800251487258"

